variant_protein	variant_info	DomainProteinID	DomainFeature	DomainNote	biological_process/disease	chain	pmid	clinvar_match	#AlleleID	Type	Name	RS# (dbSNP)	disease_1	significance_1	star_1	disease_2	significance_2	star_2	disease_3	significance_3	star_3	disease_4	significance_4	star_4	disease_5	significance_5	star_5	disease_6	significance_6	star_6	disease_7	significance_7	star_7	disease_8	significance_8	star_8	disease_9	significance_9	star_9	disease_10	significance_10	star_10
PNPLA3	I148M	PLPL3_HUMAN	CHAIN;DOMAIN	1-acylglycerol-3-phosphate O-acyltransferase PNPLA3;PNPLA	Fibrosis	PNPLA3 -[Activation]-> Hedgehog -[Activation]-> Fibrosis	34440218	1	352627	single nucleotide variant	NM_025225.3(PNPLA3):c.444C>G (p.Ile148Met)	738409	NAFLD1	Conflicting classifications of pathogenicity; risk factor	0.0	not provided			Hepatic steatosis																							
PNPLA3	I148M	PLPL3_HUMAN	CHAIN;DOMAIN	1-acylglycerol-3-phosphate O-acyltransferase PNPLA3;PNPLA	Kidney Diseases	PNPLA3 -[Activation]-> Kidney Diseases	33102799	1	352627	single nucleotide variant	NM_025225.3(PNPLA3):c.444C>G (p.Ile148Met)	738409	NAFLD1	Conflicting classifications of pathogenicity; risk factor	0.0	not provided			Hepatic steatosis																							
PNPLA3	I148M	PLPL3_HUMAN	CHAIN;DOMAIN	1-acylglycerol-3-phosphate O-acyltransferase PNPLA3;PNPLA	Liver Diseases	PNPLA3 -[Activation]-> Liver Diseases	36610497	1	352627	single nucleotide variant	NM_025225.3(PNPLA3):c.444C>G (p.Ile148Met)	738409	NAFLD1	Conflicting classifications of pathogenicity; risk factor	0.0	not provided			Hepatic steatosis																							
PNPLA3	I148M	PLPL3_HUMAN	CHAIN;DOMAIN	1-acylglycerol-3-phosphate O-acyltransferase PNPLA3;PNPLA	Non-alcoholic Fatty Liver Disease	PNPLA3 -[Activation]-> NFkappaB -[Activation]-> PNPLA3 I148M -[Activation]-> Non-alcoholic Fatty Liver Disease	31793207	1	352627	single nucleotide variant	NM_025225.3(PNPLA3):c.444C>G (p.Ile148Met)	738409	NAFLD1	Conflicting classifications of pathogenicity; risk factor	0.0	not provided			Hepatic steatosis																							
PNPLA3	I148M	PLPL3_HUMAN	CHAIN;DOMAIN	1-acylglycerol-3-phosphate O-acyltransferase PNPLA3;PNPLA	Obesity	PNPLA3 -[Activation]-> Obesity	36190732	1	352627	single nucleotide variant	NM_025225.3(PNPLA3):c.444C>G (p.Ile148Met)	738409	NAFLD1	Conflicting classifications of pathogenicity; risk factor	0.0	not provided			Hepatic steatosis																							
PNPLA3	I148M	PLPL3_HUMAN	CHAIN;DOMAIN	1-acylglycerol-3-phosphate O-acyltransferase PNPLA3;PNPLA	apoptotic process	PNPLA3 -[Activation]-> YAP1 -[Inhibition]-> apoptotic process	34440218	1	352627	single nucleotide variant	NM_025225.3(PNPLA3):c.444C>G (p.Ile148Met)	738409	NAFLD1	Conflicting classifications of pathogenicity; risk factor	0.0	not provided			Hepatic steatosis																							
PNPLA3	I148M	PLPL3_HUMAN	CHAIN;DOMAIN	1-acylglycerol-3-phosphate O-acyltransferase PNPLA3;PNPLA	cell activation	PNPLA3 -[Activation]-> cell activation	33102798	1	352627	single nucleotide variant	NM_025225.3(PNPLA3):c.444C>G (p.Ile148Met)	738409	NAFLD1	Conflicting classifications of pathogenicity; risk factor	0.0	not provided			Hepatic steatosis																							
PNPLA3	I148M	PLPL3_HUMAN	CHAIN;DOMAIN	1-acylglycerol-3-phosphate O-acyltransferase PNPLA3;PNPLA	homeostatic process	PNPLA3 -[Inhibition]-> homeostatic process	20648554	1	352627	single nucleotide variant	NM_025225.3(PNPLA3):c.444C>G (p.Ile148Met)	738409	NAFLD1	Conflicting classifications of pathogenicity; risk factor	0.0	not provided			Hepatic steatosis																							
PNPLA3	I148M	PLPL3_HUMAN	CHAIN;DOMAIN	1-acylglycerol-3-phosphate O-acyltransferase PNPLA3;PNPLA	homeostatic process	PNPLA3 -[Inhibition]-> homeostatic process	31497741	1	352627	single nucleotide variant	NM_025225.3(PNPLA3):c.444C>G (p.Ile148Met)	738409	NAFLD1	Conflicting classifications of pathogenicity; risk factor	0.0	not provided			Hepatic steatosis																							
PNPLA3	I148M	PLPL3_HUMAN	CHAIN;DOMAIN	1-acylglycerol-3-phosphate O-acyltransferase PNPLA3;PNPLA	hydrolase activity	PNPLA3 -[Complex]-> hydrolase activity	31497752	1	352627	single nucleotide variant	NM_025225.3(PNPLA3):c.444C>G (p.Ile148Met)	738409	NAFLD1	Conflicting classifications of pathogenicity; risk factor	0.0	not provided			Hepatic steatosis																							
PNPLA3	I148M	PLPL3_HUMAN	CHAIN;DOMAIN	1-acylglycerol-3-phosphate O-acyltransferase PNPLA3;PNPLA	inflammatory response	PNPLA3 -[Activation]-> cell activation -[Activation]-> inflammatory response	33102798	1	352627	single nucleotide variant	NM_025225.3(PNPLA3):c.444C>G (p.Ile148Met)	738409	NAFLD1	Conflicting classifications of pathogenicity; risk factor	0.0	not provided			Hepatic steatosis																							
PNPLA3	I148M	PLPL3_HUMAN	CHAIN;DOMAIN	1-acylglycerol-3-phosphate O-acyltransferase PNPLA3;PNPLA	lipid biosynthetic process	PNPLA3 -[Activation]-> lipid biosynthetic process	33102800	1	352627	single nucleotide variant	NM_025225.3(PNPLA3):c.444C>G (p.Ile148Met)	738409	NAFLD1	Conflicting classifications of pathogenicity; risk factor	0.0	not provided			Hepatic steatosis																							
PNPLA3	I148M	PLPL3_HUMAN	CHAIN;DOMAIN	1-acylglycerol-3-phosphate O-acyltransferase PNPLA3;PNPLA	lipid biosynthetic process	PNPLA3 -[Inhibition]-> lipid biosynthetic process	37909034	1	352627	single nucleotide variant	NM_025225.3(PNPLA3):c.444C>G (p.Ile148Met)	738409	NAFLD1	Conflicting classifications of pathogenicity; risk factor	0.0	not provided			Hepatic steatosis																							
PNPLA3	I148M	PLPL3_HUMAN	CHAIN;DOMAIN	1-acylglycerol-3-phosphate O-acyltransferase PNPLA3;PNPLA	lipid catabolic process	PNPLA3 -[Inhibition]-> lipid catabolic process	36611868	1	352627	single nucleotide variant	NM_025225.3(PNPLA3):c.444C>G (p.Ile148Met)	738409	NAFLD1	Conflicting classifications of pathogenicity; risk factor	0.0	not provided			Hepatic steatosis																							
PNPLA3	I148M	PLPL3_HUMAN	CHAIN;DOMAIN	1-acylglycerol-3-phosphate O-acyltransferase PNPLA3;PNPLA	metabolic process	PNPLA3 -[Activation]-> metabolic process	25171251	1	352627	single nucleotide variant	NM_025225.3(PNPLA3):c.444C>G (p.Ile148Met)	738409	NAFLD1	Conflicting classifications of pathogenicity; risk factor	0.0	not provided			Hepatic steatosis																							
PNPLA3	I148M	PLPL3_HUMAN	CHAIN;DOMAIN	1-acylglycerol-3-phosphate O-acyltransferase PNPLA3;PNPLA	metabolic process	PNPLA3 -[IncreaseAmount]-> AQP3 -[Activation]-> metabolic process	29116096	1	352627	single nucleotide variant	NM_025225.3(PNPLA3):c.444C>G (p.Ile148Met)	738409	NAFLD1	Conflicting classifications of pathogenicity; risk factor	0.0	not provided			Hepatic steatosis																							
PNPLA3	I148M	PLPL3_HUMAN	CHAIN;DOMAIN	1-acylglycerol-3-phosphate O-acyltransferase PNPLA3;PNPLA	retinol metabolic process	PNPLA3 -[Inhibition]-> retinol metabolic process	30367950	1	352627	single nucleotide variant	NM_025225.3(PNPLA3):c.444C>G (p.Ile148Met)	738409	NAFLD1	Conflicting classifications of pathogenicity; risk factor	0.0	not provided			Hepatic steatosis																							
PNPLA3	I148M	PLPL3_HUMAN	CHAIN;DOMAIN	1-acylglycerol-3-phosphate O-acyltransferase PNPLA3;PNPLA	transcription, DNA-templated	PNPLA3 -[Complex]-> H3AcK9 -[Activation]-> transcription, DNA-templated	28433418	1	352627	single nucleotide variant	NM_025225.3(PNPLA3):c.444C>G (p.Ile148Met)	738409	NAFLD1	Conflicting classifications of pathogenicity; risk factor	0.0	not provided			Hepatic steatosis																							
PNPLA3	I148M	PLPL3_HUMAN	CHAIN;DOMAIN	1-acylglycerol-3-phosphate O-acyltransferase PNPLA3;PNPLA	transdifferentiation	PNPLA3 -[Activation]-> Hedgehog -[Activation]-> transdifferentiation	34440218	1	352627	single nucleotide variant	NM_025225.3(PNPLA3):c.444C>G (p.Ile148Met)	738409	NAFLD1	Conflicting classifications of pathogenicity; risk factor	0.0	not provided			Hepatic steatosis																							
PNPLA3	I148M	PLPL3_HUMAN	CHAIN;DOMAIN	1-acylglycerol-3-phosphate O-acyltransferase PNPLA3;PNPLA	translation	PNPLA3 -[Complex]-> H3AcK9 -[Activation]-> translation	28433418	1	352627	single nucleotide variant	NM_025225.3(PNPLA3):c.444C>G (p.Ile148Met)	738409	NAFLD1	Conflicting classifications of pathogenicity; risk factor	0.0	not provided			Hepatic steatosis																							
